252460038
252460201
252530239
252532199
252600259
252670096
252740050
252740344
252810221
252880025
252880183
253010127
253020068
253020167
253092309
253160062
253230153
253260189
253272459
262450251
262452633
262452641
262522050
262590238
262640059
262660151
262732050
262802005
262872572
262940012
263010153
263012641
263082006
263082084
263140005
263150012
263150052
263220344
263290328
263360023
272510036
272512199
272512509
272560120
272580012
272650038
272722509
272772579
272790023
272790151
272792005
272850023
272860025
272860249
272930012
272930059
272932439
273000249
